100,5
55,15
55,9
55,5
55,8
55,4
55,7
55,6
25,0
23,4
23,3
23,2
23,1
23,0
19,4
19,3
19,2
19,1
19,0
18,4
18,3
18,2
18,1
18,0
13,6
13,5
13,4
13,3
13,2
13,1
13,0
12,8
12,7
12,6
12,5
12,4
12,3
12,2
12,1
12,0
10,5
10,4
10,3
10,2
10,1
10,0
7,5
7,4
7,3
7,2
7,1
7,0
6,7
6,6
6,5
6,4
6,3
6,2
6,1
6,0
5,3
5,2
5,1
5,0
4,2
3,6
3,5
3,4
3,3
3,2
3,1
3,0
2,21
2,20
2,19
2,18
2,17
2,16
2,15
2,14
2,13
2,12
2,11
2,10
2,9
2,7
2,6
2,5
2,4
2,2
1,2
0,447
0,446
0,445
0,440
0,439
0,408
0,367
0,339
0,322
0,318
2,1
2,8
2,3
2,0
1,1
1,3
1,0
4,1
4,3
0,243
4,0
0,9
0,310
0,305
0,441
0,308
0,304
0,303
0,302
0,307
0,12
0,438
0,10
0,8
0,0
0,328
0,300
0,427
0,299
0,390
0,298
0,430
0,297
0,429
0,296
0,335
0,295
0,419
0,294
0,384
0,293
0,347
0,292
0,362
0,291
0,414
0,290
0,369
0,289
0,344
0,288
0,350
0,287
0,442
0,286
0,435
0,285
0,417
0,284
0,392
0,283
0,437
0,282
0,396
0,281
0,378
0,280
0,360
0,279
0,397
0,278
0,421
0,277
0,373
0,276
0,368
0,275
0,325
0,274
0,423
25,1
25,2
26,0
26,1
26,3
26,4
27,0
27,2
27,3
27,5
28,0
28,2
28,4
28,5
29,1
29,2
29,4
29,5
30,0
30,2
30,3
30,5
30,6
30,8
31,0
31,1
31,3
31,4
31,6
31,7
32,1
32,3
32,4
32,6
32,7
33,1
33,3
33,4
35,1
35,2
37,0
37,1
37,3
38,1
38,2
38,4
38,5
38,7
39,1
39,2
39,4
39,5
40,1
40,3
40,4
40,6
40,7
40,9
40,10
41,0
41,2
41,3
41,5
41,6
41,8
42,0
42,1
42,3
42,4
42,6
42,7
43,1
43,3
43,4
43,6
43,7
47,1
47,3
47,4
48,1
48,2
51,0
51,1
51,3
51,5
52,0
52,2
52,3
54,0
54,2
54,3
55,0
55,1
55,3
55,11
55,12
55,14
56,1
56,2
56,4
57,0
57,2
57,4
58,0
58,2
58,3
59,1
59,2
73,0
73,2
73,3
74,0
74,1
74,3
77,0
77,1
77,3
80,0
80,2
80,3
80,5
81,1
81,2
81,4
81,5
81,7
82,1
82,2
82,4
82,5
83,1
83,2
83,4
84,1
84,2
84,4
84,5
84,7
86,0
86,1
86,3
86,4
88,1
88,3
88,4
89,1
89,2
90,0
90,1
90,3
91,1
91,2
91,4
91,5
92,0
92,2
92,3
93,0
93,1
93,3
93,4
96,1
96,3
97,0
97,2
97,3
97,5
100,1
100,2
100,4
100,7
102,0
102,2
102,4
102,5
102,7
102,8
102,10
103,1
103,2
103,4
104,0
104,2
104,4
104,5
105,1
105,2
105,4
105,5
105,7
106,1
106,2
107,0
107,1
107,3
108,0
108,1
108,3
109,0
109,2
109,3
113,0
113,2
113,3
116,0
116,1
116,3
117,1
117,2
117,4
117,5
117,7
120,0
120,2
120,4
124,0
124,2
124,3
125,0
125,2
125,3
125,5
126,0
126,2
126,3
126,5
127,0
127,1
127,3
127,4
127,6
128,1
128,2
128,4
129,0
129,2
129,4
130,0
130,2
130,3
131,0
131,1
131,3
131,5
131,6
133,1
133,2
133,4
137,1
137,2
137,4
138,0
138,2
138,3
139,0
139,2
139,3
139,5
139,6
142,1
142,3
142,4
143,1
143,2
143,4
143,5
144,1
144,3
145,0
145,2
145,3
145,5
145,7
145,8
147,1
147,2
147,4
147,6
147,5
147,3
147,0
145,6
145,4
145,1
144,2
144,0
143,3
143,0
142,2
142,0
139,4
139,1
138,4
138,1
137,3
137,0
133,3
133,0
131,4
131,2
130,4
130,1
129,3
129,1
128,3
128,0
127,5
127,2
126,6
126,4
126,1
125,4
125,1
124,4
124,1
120,3
120,1
117,6
117,3
117,0
116,2
113,4
113,1
109,4
109,1
108,2
107,4
107,2
106,3
106,0
105,6
105,3
105,0
104,3
104,1
103,3
103,0
102,9
102,6
102,3
102,1
100,6
100,3
100,0
97,4
97,1
96,2
96,0
93,2
92,4
92,1
91,6
91,3
91,0
90,2
89,3
89,0
88,2
88,0
86,2
84,8
84,6
84,3
84,0
83,3
83,0
82,3
82,0
81,6
81,3
81,0
80,4
80,1
77,2
74,4
74,2
73,4
73,1
59,3
59,0
58,1
57,3
57,1
56,3
56,0
55,13
55,10
55,2
54,4
54,1
52,4
52,1
51,4
51,2
48,3
48,0
47,2
47,0
43,5
43,2
43,0
42,5
42,2
41,9
41,7
41,4
41,1
40,11
40,8
40,5
40,2
40,0
39,3
39,0
38,6
38,3
38,0
37,2
35,3
35,0
33,2
33,0
32,5
32,2
32,0
31,5
31,2
30,9
30,7
30,4
30,1
29,6
29,3
29,0
28,3
28,1
27,4
27,1
26,5
26,2
25,3
0,273
0,370
0,272
0,388
0,271
0,398
0,270
0,336
0,269
0,356
0,268
0,329
0,267
0,405
0,266
0,410
0,265
0,314
0,264
0,338
0,263
0,357
0,262
0,426
0,261
0,313
0,260
0,379
0,259
0,433
0,258
0,380
0,257
0,343
0,256
0,341
0,255
0,351
0,254
0,346
0,253
0,326
0,252
0,363
0,251
0,365
0,250
0,374
0,249
0,311
0,248
0,375
0,247
0,443
0,246
0,364
0,245
0,337
0,244
0,428
0,242
0,327
0,241
0,358
0,240
0,432
0,239
0,361
0,238
0,354
0,237
0,340
0,236
0,320
0,235
0,422
0,234
0,415
0,233
0,411
0,232
0,312
0,231
0,420
0,230
0,349
0,229
0,321
0,228
0,301
0,227
0,407
0,226
0,317
0,225
0,409
0,224
0,412
0,223
0,309
0,222
0,355
0,221
0,404
0,220
0,306
0,219
0,394
0,218
0,431
0,217
0,436
0,216
0,324
0,215
0,406
0,214
0,353
0,213
0,348
0,212
0,393
0,211
0,316
0,210
0,352
0,209
0,400
0,208
0,315
0,207
0,418
0,206
0,332
0,205
0,386
0,204
0,402
0,203
0,401
0,202
0,389
0,201
0,334
0,200
0,395
0,199
0,345
0,198
0,366
0,197
0,399
0,196
0,330
0,195
0,377
0,194
0,383
0,193
0,372
0,192
0,424
0,63
0,425
0,62
0,319
0,61
0,333
0,60
0,382
0,59
0,323
0,58
0,385
0,57
0,387
0,56
0,403
0,55
0,376
0,54
0,434
0,53
0,381
0,52
0,391
0,51
0,50
0,416
0,49
0,371
0,48
0,331
0,47
0,359
0,46
0,342
0,45
0,444
0,6
0,5
0,1
0,413
0,11
0,4
0,2
0,3
0,7
